1,-1.04911634,-0.966857453,-0.884598569,-0.966857453,-0.870082296,-0.773307138,-0.676531981,-0.79145248,-0.906372979,-1.02129348,-1.13621398,-1.29105423,-1.10234267,-1.02008379,-0.855566022,-0.594273098,-0.332980174,0.00573287615,0.344445926,0.765417859,1.25897116,1.30735874,1.43316644,1.29768122,1.38477886,1.47187651,1.52669963,1.58157115,1.63639427,1.52026408,1.41381141,1.20090607,1.18638979,0.896064321,0.409769157,-0.0765260074,-0.203543401,-0.330560795,-0.457578188,-0.584595582,-0.642660676,-0.700725771,-0.608789371,-0.516852972,-0.599111856,-0.681370739
1,-1.10145498,-1.1413895,-1.18132403,-1.11475317,-1.04822226,-0.981651402,-1.02957283,-1.23723236,-1.16535022,-1.09346807,-1.02158593,-0.973664497,-0.286790662,-0.12705256,0.22037781,0.633700147,1.04702248,1.17880642,1.33854452,1.33055761,1.29062309,1.22672785,1.27864273,1.25468202,1.2307213,1.20676058,1.22005878,1.23339691,1.24669511,1.18679332,1.01507486,0.871310572,0.727546281,0.467971867,-0.00325553195,-0.474482931,-0.502437098,-0.530391266,-0.558345434,-0.586299601,-0.358672807,-0.574319244,-0.797952586,-1.02158593,-1.10544843,-1.18931093
1,-0.808732256,-0.98601697,-1.16330168,-1.15897767,-1.01196107,-0.864944483,-0.882240552,-0.631447542,-0.729473017,-0.827455252,-0.925480726,-1.09844142,-0.890888587,-0.730899943,-0.553615229,-0.0217610876,0.510093054,0.929522743,1.27544414,1.23220396,1.4397568,1.3403044,1.43110876,1.34895243,1.34462841,1.3403044,1.40516466,1.50461706,1.49596902,1.35760047,1.19761182,1.00303104,0.678729733,0.436584758,-0.106079427,-0.648743612,-0.627123525,-0.605503438,-0.583883351,-0.903860639,-0.691983786,-0.882240552,-0.834676361,-0.787112169,-0.700631821,-0.614151473
1,-1.32462264,-0.938249912,-0.551877181,-0.726368092,-0.472940816,-0.21951354,-0.859313548,-1.20829537,-1.23426128,-1.26022719,-1.2861931,-1.31215901,-1.17921355,-1.10027719,-0.87593173,-0.562263544,-0.248595359,0.104541009,0.457677377,0.474295559,1.0351592,0.993613747,0.910522837,1.23873193,1.27820011,1.3176683,1.36615184,1.41459384,1.46307739,1.44853648,1.43399557,1.34259557,1.22211375,1.14733193,1.00192284,0.856513745,0.414760922,-0.027033447,-0.46878627,-0.801149911,-0.809459002,-0.693131728,-0.682745364,-0.672359,-0.693131728,-0.713904455
1,-1.25207772,-1.15321062,-1.05434353,-0.985685825,-0.917028121,-0.848370417,-0.779712712,-0.900550272,-0.885903295,-0.871256318,-0.856609341,-0.805344922,-0.497758406,-0.391567824,0.00390055364,0.408523291,0.813146029,0.999894985,1.18664394,1.27086406,1.2745258,1.20861441,1.1829822,1.12439429,1.14087214,1.15734999,1.21227615,1.26720231,1.26720231,1.2415701,1.23790836,1.14636475,1.02552719,0.783852075,0.428662885,0.0734736941,-0.208480612,-0.490434918,-0.772389224,-1.05434353,-1.06899051,-1.15321062,-1.13673278,-1.12025493,-1.12391667,-1.12757841
1,-0.341057668,-0.915010043,-1.48896242,-1.1647166,-1.09204081,-1.01936502,-0.978368422,-1.15353571,-1.08894743,-1.02432188,-0.959733605,-1.10881214,-0.829289883,-0.437958719,-0.150982531,0.320478348,0.791939228,0.972696956,1.15345468,1.22799395,1.28762537,1.29135233,1.2950793,1.25780966,1.25967314,1.26153663,1.2950793,1.28389841,1.27271752,1.26153663,1.16090861,0.989468292,0.941017767,0.717399958,0.331659239,-0.0540814808,-0.316198822,-0.578353433,-0.840470774,-0.855378628,-0.829289883,-0.821835956,-0.859105591,-0.896375226,-0.821835956,-0.747296687
1,-1.32454475,-1.2453223,-1.18474042,-1.68803602,-1.41774764,-1.14745926,-0.877170886,-1.08221724,-0.964175783,-0.846087722,-0.728046263,-1.00765493,-0.63018323,-0.676784674,-0.154848496,0.210972844,0.576794184,0.840092345,1.10339051,1.16863253,1.29445643,1.16397238,1.17795282,1.0288282,1.06610935,1.10339051,1.35037816,1.3643586,1.33173758,1.26649556,1.26183542,1.1546521,1.00086733,0.805141262,0.495241656,0.185342049,0.0253592904,-0.13467007,-0.294652829,-0.928432475,-0.760667274,-0.522999907,-0.67212453,-0.821249152,-0.895811464,-0.970373775
1,-1.24937624,-1.23657687,-1.2237775,-1.14804789,-1.07231828,-0.996588669,-0.92085906,-0.7587337,-0.819872027,-0.881053018,-0.942191345,-0.946457802,-0.720335589,-0.208360767,0.081758298,0.540402409,0.99904652,1.17397125,1.34036307,1.40435992,1.4854226,1.46835677,1.46409032,1.34462952,1.35529567,1.36596181,1.33609661,1.30623141,1.27636621,1.16117188,0.781457221,0.587333434,0.393209648,0.188419719,-0.17849557,-0.545410858,-0.558210229,-0.571009599,-0.58380897,-0.784332441,-0.66487165,-0.788598898,-0.760866929,-0.733134959,-0.831263467,-0.929391974
1,-1.2251575,-1.24468023,-1.26420296,-1.30324842,-1.1543876,-1.00552677,-1.09825974,-1.32765184,-1.25932228,-1.19099272,-1.12266316,-1.31300979,-0.995765404,-0.693163067,-0.522339167,-0.0830777103,0.356183746,0.595337206,0.868655446,1.05900208,1.18101915,1.23958734,1.20542256,1.28839417,1.32255895,1.35672373,1.35184305,1.38600783,1.29327485,1.3664851,1.27375212,1.15173505,0.902820226,0.541649695,0.0804251653,-0.380799364,-0.43287625,-0.484904329,-0.536981216,-0.756611944,-0.244140244,-0.497935753,-0.327111853,-0.156287953,0.214643944,0.58557584
1,-1.3068567,-1.24165056,-1.17644441,-1.1298686,-0.910962251,-0.692055906,-1.08329278,-1.46987207,-1.37984101,-1.28976338,-1.19973232,-1.3068567,-0.980825978,-0.678083161,-0.59890427,-0.121502134,0.355900001,0.768095992,1.18029198,1.14303133,1.31070427,1.25015571,1.26878604,1.15700407,1.17097682,1.18494956,1.26412845,1.25015571,1.33399218,1.37125284,1.23618296,1.07782518,1.01261904,0.677273146,0.116034538,-0.44520407,-0.476270141,-0.507289636,-0.538355706,-0.720001397,-0.398628252,-0.608219433,-0.391641879,-0.175064325,0.174254311,0.523572947
1,-1.2402611,-1.16907462,-1.09788814,-1.28376395,-1.11370735,-0.943650758,-0.904102712,-0.991108412,-0.967379585,-0.943650758,-0.91992193,-1.03461126,-0.662859634,-0.445345383,-0.136870627,0.361434747,0.859740122,1.02584191,1.13657644,1.16821488,1.25126577,1.14053125,1.25522058,1.14053125,1.16821488,1.19589851,1.22358214,1.25126577,1.27894941,1.24731097,1.30267823,1.0970284,1.02584191,0.824146881,0.442508241,0.0608696006,-0.157949736,-0.37680862,-0.595627956,-0.848735448,-0.635176002,-0.828961425,-0.90212531,-0.975289194,-1.08602372,-1.19675825
1,-1.22942309,-1.27091161,-1.35388865,-1.51062305,-1.34697389,-1.18332473,-1.16949523,-1.40920667,-1.32470839,-1.24016401,-1.15566572,-1.45991486,-1.12800671,-0.883685425,-0.625534636,-0.316675657,-0.00781667761,0.420898025,0.835783221,0.987907793,1.23222908,1.22761924,1.27371759,1.17230121,1.2230094,1.27371759,1.24144875,1.2091799,1.23683891,1.23222908,1.15847171,1.08471434,0.978688122,0.729757004,0.377104588,0.024452171,-0.11845273,-0.261357631,-0.404262532,-0.178380592,0.0567210196,0.00601282893,-0.25213796,0.0521111841,0.28260296,0.513094735
1,-1.16636883,-1.13024649,-1.22506764,-1.29279703,-1.18443,-1.07606298,-1.07154769,-1.28376645,-1.20700647,-1.13024649,-1.05348651,-1.27473586,-1.03542534,-0.791599534,-0.615503116,-0.267825572,0.0798519711,0.382376587,0.757145887,0.987425818,1.28543514,1.3125269,1.35316453,1.28995043,1.31929984,1.34864924,1.35993747,1.3712257,1.39380217,1.375741,1.35767983,1.18158341,1.00548699,0.739084716,0.357542477,-0.0239997627,-0.133856836,-0.243759062,-0.353616135,-0.692263093,-0.507136089,-0.534227846,-0.457467869,-0.362646721,-0.168489131,0.0256684578
1,-1.25377459,-1.12688457,-1.25800426,-1.38066462,-1.31298994,-1.24531526,-0.983075874,-0.915401194,-0.947842744,-0.980241997,-1.01268355,-1.00845388,-0.746214493,-0.29364007,-0.272491732,0.230838702,0.734169136,0.932963509,1.13175788,1.08100187,1.21635123,1.03024586,1.26710724,1.12329855,1.11483921,1.10637988,1.23115507,1.35593026,1.32209292,1.30305942,1.28402591,1.19943256,0.992178854,0.776465811,0.512111592,0.247757372,0.00137923941,-0.244998893,-0.491377026,-0.737755158,-1.1353439,-1.01268355,-0.951353368,-0.890023189,-0.627783803,-0.365544417
1,-0.594381772,-0.876928986,-1.1594762,-0.983396052,-0.614856208,-0.246316364,-0.893308535,-0.956779285,-1.02025004,-1.08372079,-1.14719154,-1.41745409,-1.3191768,-1.10624267,-0.65580508,-0.344593656,-0.0333822322,0.376106483,0.785595199,1.01081399,1.25241233,1.1664197,1.29745609,1.1664197,1.21760579,1.26879188,1.33021519,1.36706917,1.37935384,1.38344872,1.43668226,1.28107654,1.17051459,0.953485572,0.619752269,0.286018966,0.0293923878,-0.227193241,-0.483819819,-0.999775601,-1.13081199,-0.860549437,-0.950636955,-1.04072447,-0.557527788,-0.0743311038
1,-1.00794754,-1.51572029,-1.30469785,-1.7992817,-1.45637023,-1.11345876,-1.13324212,-1.29975201,-1.46626191,-1.6327718,-1.7992817,-1.64760932,-1.46955913,-1.02443367,-0.579308209,-0.0649410093,0.44942619,0.683529211,0.917632231,0.818715462,0.528559606,0.838498816,0.673637534,1.15503248,1.03303513,0.91103778,0.8879572,0.864876621,0.719798693,0.647259729,0.686826436,0.554937411,0.416453934,0.212025944,0.650556954,1.08908796,1.0297379,0.970387841,0.91103778,0.851687718,0.515370703,0.317537165,0.264781555,0.212025944,0.238403749,0.264781555
1,-0.912097245,-0.946142078,-0.98018691,-1.11636624,-1.01044898,-0.904531727,-0.919662764,-1.04827658,-1.00413178,-0.960024804,-0.915880005,-1.04449382,-0.817528266,-0.246331632,-0.155545412,0.432673638,1.02089269,1.20246513,1.31973066,1.41429964,1.4369962,1.40295136,1.42564792,1.32351342,1.33675308,1.34999274,1.28946859,1.3159479,1.34242722,1.05493752,0.96793406,0.752316788,0.555613311,0.430782258,-0.0344971189,-0.499776496,-0.583942888,-0.668109279,-0.752275671,-0.836442062,-0.738090324,-0.908314486,-0.828876544,-0.874269654,-0.84779034,-0.821311025
1,-1.02818622,-1.24467681,-1.23584046,-1.33304032,-1.13126225,-0.929528369,-0.727750305,-0.833786511,-0.939822718,-1.04585892,-1.15189513,-1.0149317,-0.727750305,-0.524514242,-0.188732922,0.237620992,0.663974905,0.829656478,0.99533805,1.15439236,1.26484674,1.20741046,1.26484674,1.09695608,1.15660145,1.21624681,1.23537751,1.25455239,1.27368309,1.23171043,1.18973776,1.09032882,0.990919875,0.783265637,0.657347642,0.531429647,0.213321028,-0.104787592,-0.422896211,-1.00167717,-0.988422646,-0.838204686,-0.948659068,-0.953077243,-1.05911345,-1.16514966
1,-1.00049482,-1.25115685,-1.29562914,-1.25519978,-1.14737468,-1.03959001,-0.931764907,-1.15816932,-1.10831992,-1.05843009,-1.00858069,-1.05305299,-0.749832788,-0.616415901,-0.139349456,0.291223225,0.721795906,0.95830766,1.19481941,1.2271629,1.27972107,1.2271629,1.26354933,1.1260895,1.13417538,1.14226125,1.24333465,1.2716352,1.25950639,1.22311997,1.21099116,1.19077648,1.0128873,0.899685089,0.432725984,-0.0342331209,-0.151478264,-0.268723407,-0.38596855,-0.834734443,-0.616415901,-0.648759389,-0.822605636,-0.996451882,-0.911550227,-0.826648571
1,-1.25563607,-1.3875379,-1.51943972,-1.26662789,-1.11823834,-0.969848787,-0.892906056,-0.651086044,-0.819645584,-0.988150165,-1.15670971,-1.40402563,-1.20067698,-0.892906056,-0.43124967,-0.09050329,0.25024309,0.601981289,0.689915839,0.915248122,1.05264586,1.11310086,1.28896996,1.16805995,1.05539381,0.942727669,1.08562131,1.22851496,1.3714086,1.45934315,1.50331042,1.15157222,1.29996178,1.08562131,0.917996077,0.750370842,0.191601737,-0.367112408,-0.925881512,-0.656581954,-0.585135132,-0.535671948,-0.483460809,-0.43124967,-0.508192401,-0.585135132
1,-0.982132069,-1.05332419,-1.22240548,-1.40483529,-1.16678663,-0.928737978,-0.848646842,-0.781904228,-0.715161615,-0.648419001,-1.04887468,-1.1779104,-0.875343888,-0.732959645,-0.474888206,0.0590527038,0.592993613,0.831042269,1.06909092,1.113586,1.38500596,1.34496039,1.4072535,1.32716236,1.34273564,1.35830892,1.39390498,1.42950104,1.4650971,1.39390498,1.19812664,0.975651265,0.811019484,0.481755924,0.174739901,-0.132276122,-0.372549531,-0.61282294,-0.85309635,-0.808601274,-0.657318016,-0.777454721,-0.7062626,-0.764106198,-0.72406063,-0.684015062
1,-1.15526197,-1.02737782,-0.899493676,-1.01087664,-0.950358564,-0.889881739,-0.829363661,-1.07688136,-1.06999212,-1.06314413,-1.05625489,-1.22539198,-1.19238962,-1.14288608,-0.935259984,-0.727592633,-0.519966534,-0.146627334,0.226711866,0.453603092,1.08889853,1.17965502,1.30753916,1.17552972,1.22090797,1.26628621,1.27730075,1.28827403,1.29928857,1.31166446,1.31578975,1.24565974,1.20028149,1.08889853,1.06002146,1.0311444,0.775376104,0.519607813,0.263839521,-0.709730105,-0.717980695,-0.635474795,-0.691166278,-0.74685776,-0.668477155,-0.507590649
1,-1.07836442,-1.17846283,-1.27856123,-1.1864707,-1.17245692,-1.15844315,-0.942230599,-0.983270944,-1.02431129,-1.06535163,-1.10639198,-1.13842346,-0.822112518,-0.601896036,-0.245545729,0.286977763,0.819501256,1.02370199,1.22790273,1.24391848,1.28395784,1.18786337,1.22790273,1.07575316,1.12380039,1.17184763,1.1785342,1.18518073,1.19186731,1.18786337,1.22790273,1.16383975,1.02370199,0.819501256,0.575261158,0.331021059,0.00269830472,-0.32562445,-0.653947205,-0.75004167,-0.589884228,-0.754045606,-0.689982629,-1.07436049,-0.938226663,-0.802092838
1,-1.27499047,-1.27499047,-1.27499047,-1.30827507,-1.18624538,-1.06417407,-0.942144375,-0.971268408,-1.00039244,-1.02951647,-1.05864051,-1.15849433,-0.784042482,-0.451196392,-0.118350301,0.314349616,0.747049534,0.907231715,1.0674139,1.10485908,1.24215809,1.13398311,1.22135521,1.15894657,1.19223118,1.22551579,1.33369077,1.29208501,1.30040616,1.22967636,1.22551579,1.1714283,1.00500525,0.801137023,0.505736118,0.210335213,-0.0989204109,-0.40821764,-0.717473264,-0.542729067,-0.738276145,-0.650904046,-0.709152112,-0.767400178,-0.875575157,-0.983750136
1,-0.911457571,-1.02463153,-1.13780548,-1.18073354,-1.07146213,-0.962190724,-0.876334619,-1.14170803,-1.10006782,-1.05846664,-1.01682643,-1.16512333,-0.997313676,-0.778770863,-0.677304558,-0.166070479,0.345163599,0.754931372,1.07103794,1.2076272,1.28958075,1.26616545,1.29738585,1.1998221,1.19396827,1.18811445,1.21933485,1.20957847,1.1998221,1.2544578,1.26616545,1.1842119,1.19591955,1.00859714,0.690539293,0.372481451,0.118815687,-0.134850078,-0.388515842,-0.89584737,-0.825601466,-0.923165221,-0.798283615,-0.794381064,-0.767063213,-0.739745361
1,-1.09275864,-1.178491,-0.901121611,-0.92633701,-0.901121611,-0.578364506,-0.255607401,-0.312342049,-0.369076696,-0.425811343,-0.482545991,-0.583407586,-0.618709144,-0.633838384,-0.628795304,-0.401856715,-0.174918125,0.112537421,0.399992968,0.682405434,1.11611029,1.16149801,1.39852276,1.26235961,1.33296272,1.40356584,1.41617354,1.42878124,1.45903972,1.50947052,1.50947052,1.33296272,1.19679957,0.939602502,0.596673078,0.253743655,-0.141280783,-0.536355652,-0.93138009,-1.15831868,-1.09275864,-1.2289218,-1.28691721,-1.34491263,-1.22387872,-1.1028448
1,-1.01793004,-1.039661,-1.06139196,-1.10485388,-1.04690465,-0.988955432,-0.941871689,-1.06501379,-1.03241735,-0.999820911,-0.967224474,-1.14107214,-0.941871689,-0.572445402,-0.496387048,0.122945258,0.742277563,0.921557968,1.10083837,1.19500586,1.25295508,1.25657691,1.23122412,1.17689673,1.20406042,1.23122412,1.26019873,1.27468604,1.28917334,1.25114417,1.21311499,1.10083837,1.06824193,0.941478013,0.622757294,0.304036575,-0.1040346,-0.512069556,-0.920140731,-0.858569683,-0.739049414,-0.825973246,-0.818729594,-0.74267124,-0.854947857,-0.967224474
1,-1.03456881,-1.20780971,-1.29220913,-1.23002009,-1.1411786,-1.05233711,-1.07454748,-0.808023009,-0.793230901,-0.778394372,-0.763602264,-0.62145588,0.173675456,0.555693864,0.791123812,0.979911979,1.16870014,1.25976267,1.3508252,1.3508252,1.39080387,1.22200504,1.21756296,1.11983733,1.12872147,1.13760562,1.17314222,1.20867882,1.24421541,1.26642578,0.85775493,0.671187801,0.0892760408,-0.252763696,-0.628118991,-1.00347429,-0.962029732,-0.920540756,-0.879096201,-0.959053542,-0.981263914,-0.914632797,-0.874654126,-0.874654126,-0.39491008,0.0848339663
1,-0.737664849,-0.937988396,-1.13831194,-1.03073078,-0.789600584,-0.548470388,-0.882342967,-0.916657648,-0.95097233,-0.985287012,-1.01960169,-1.23476402,-1.10492469,-0.889762357,-0.437179529,-0.0791939305,0.278791668,0.634922418,0.991053168,1.09121494,1.21734458,1.22105428,1.2804094,1.15057007,1.16911854,1.18766702,1.25815123,1.26928032,1.29524818,1.30637727,1.32121605,1.20992519,1.14686037,1.01331134,0.766616602,0.519921863,0.173695999,-0.172566962,-0.518792825,-1.12347316,-1.06411804,-1.03444047,-1.06968258,-1.10492469,-0.945407787,-0.785890888
1,-1.04966977,-1.16436522,-1.27906068,-1.2210406,-1.16306007,-1.10503999,-1.06944485,-1.18809532,-1.09843511,-1.00881446,-0.91915425,-0.915199234,-0.47619249,-0.112331044,0.0814647259,0.534314025,0.987163325,1.14536395,1.30356458,1.24819436,1.24028433,1.21259922,1.18491411,1.08603872,1.14140894,1.19677916,1.19677916,1.19677916,1.19677916,1.16118402,1.14140894,1.03462351,0.955523199,0.710312225,0.310855637,-0.0886009499,-0.221093976,-0.353587003,-0.486080029,-0.618573056,-0.654168197,-0.86378403,-0.931019297,-0.998254564,-1.09317494,-1.18809532
1,-1.25551747,-1.35684379,-1.36565478,-1.21146254,-1.15419114,-1.09691974,-1.03964834,-1.02202637,-1.06462748,-1.10718454,-1.14978565,-1.10573072,-0.753291326,-0.660775984,-0.215821245,0.189484062,0.594789369,0.905376588,1.21596381,1.22477479,1.28204619,1.17190888,1.21596381,1.08820453,1.10362375,1.11904297,1.26001873,1.20274733,1.14547593,1.14988142,1.32610112,1.26442422,1.07058256,1.04855509,0.484652057,-0.0792509786,-0.148285046,-0.217275058,-0.286309125,-0.484556286,-0.264281662,-0.568260643,-0.746683088,-0.925105533,-0.90307807,-0.881050608
1,-1.38817423,-1.2121947,-1.03621517,-1.2040096,-1.17740805,-1.15080649,-0.962549316,-0.991197146,-1.00621679,-1.02119552,-1.03621517,-1.281768,-0.807032521,-0.651515726,-0.479628742,0.0871890497,0.654006842,0.879096939,1.05507647,1.14101996,1.27198147,1.13692742,1.24333364,1.14101996,1.16762152,1.19422308,1.23240654,1.27063093,1.3088144,1.28016657,1.27607402,1.12055723,1.00187336,0.854541656,0.457564574,0.0605874927,-0.0690234781,-0.198593524,-0.328204494,-0.401870345,-0.0621889243,-0.184965341,-0.694487472,-1.2040096,-1.16308413,-1.12215866
1,-1.05643192,-1.13304832,-1.22498801,-1.11772504,-0.991307981,-0.864890917,-0.845736817,-0.897452888,-0.94916896,-1.00088503,-1.0526011,-1.10240176,-0.876383378,-0.61780302,-0.359222663,0.179007561,0.717237786,0.912609611,1.10798144,1.20758276,1.24972178,1.3110149,1.31484572,1.2535526,1.26504506,1.27653752,1.32250736,1.3684772,1.35698474,1.29569162,1.24972178,1.1577821,0.924102071,0.793854188,0.293932164,-0.205989859,-0.349645613,-0.493301367,-0.636957121,-0.780612875,-0.769120415,-0.838075176,-0.822751896,-0.807428616,-0.857229277,-0.907029938
1,-0.949816134,-0.983251407,-1.17550422,-1.13371013,-1.02922491,-0.92473968,-0.820254454,-0.962354361,-0.970713179,-0.979071998,-0.987430816,-1.00414845,-0.845330908,-0.694872182,-0.481722321,-0.00735939419,0.467003533,0.864047392,1.11481193,1.2819883,1.39065293,1.32378239,1.34050002,1.24855302,1.25064273,1.25273243,1.29034711,1.3279618,1.36557648,1.30288534,1.24019421,1.12943987,1.01868553,0.855688574,0.349980079,-0.155728415,-0.285290096,-0.414851776,-0.544413457,-0.87876618,-0.724128046,-0.786819181,-0.926829384,-1.06683959,-0.916380862,-0.765922136
1,-0.412286827,-1.05632738,-1.70036793,-1.13233216,-1.05232712,-0.972322087,-0.636300931,-1.0043241,-1.04700679,-1.08964947,-1.13233216,-1.09632989,-1.03632612,-0.836313524,-0.44028859,0.0437418844,0.527772359,0.823790996,1.11980963,1.26781895,1.37582575,1.38782651,1.35182424,1.28381996,1.29182046,1.29982097,1.29050038,1.28113979,1.2718192,1.28782021,1.26781895,1.13981089,0.871794019,0.623778404,0.203751959,-0.216274486,-0.276278264,-0.336282042,-0.39628582,-0.780309998,-0.704305213,-0.760308739,-0.724306472,-0.800311257,-0.724306472,-0.648301687
1,-1.06588065,-1.13468404,-1.17920388,-1.20348743,-1.14682581,-1.0901642,-0.944462901,-1.02945532,-0.991694404,-0.953893012,-0.916132093,-0.912084835,-0.389988524,-0.163342063,0.0835406888,0.482195624,0.880850559,1.07916621,1.27748187,1.25724557,1.3908051,1.27343461,1.28152912,1.20867848,1.26736372,1.32604896,1.18034767,1.4191359,1.35842703,1.27343461,1.20463122,0.945606691,0.666345873,0.342565215,-0.00752262127,-0.357610458,-0.467898245,-0.578186031,-0.688473818,-0.798761605,-0.620682243,-0.847328703,-0.889824915,-0.932321126,-0.940415642,-0.948510159
1,-1.25509631,-1.20064568,-1.14619504,-1.21739972,-1.13572376,-1.0540478,-0.95352355,-1.12525249,-1.09593291,-1.06661334,-1.03729376,-1.30116993,-1.06661334,-0.538860998,-0.576557593,-0.180743339,0.215070915,0.625544957,0.843347509,1.04858453,1.17423985,1.1156007,1.18261687,1.08628113,1.13026049,1.17423985,1.24544453,1.24125602,1.24544453,1.22869049,1.27895261,1.12397772,1.1156007,1.03183049,0.937588998,0.843347509,0.511072961,0.178756528,-0.15351802,-0.626819721,-0.68545887,-0.790171635,-0.760852061,-0.878130358,-0.869753337,-0.861376316
1,-1.37450165,-1.33953818,-1.3045747,-1.48813295,-1.37231643,-1.25649992,-0.644639089,-0.181373032,-0.29793252,-0.414448304,-0.531007792,-0.439228668,-0.989903415,-0.605305179,-0.640268655,-0.0568156485,0.526637358,0.37367215,0.89812429,0.976792111,1.2914634,1.13412775,1.03797819,1.16472079,1.23683296,1.30894513,1.3045747,1.30020426,1.32642687,1.33516774,1.45753991,1.24338862,1.15597993,0.893753856,0.441413885,-0.0109260863,-0.155150425,-0.299374763,-0.443599102,-0.657750393,-0.640268655,-0.784492993,-0.801974731,-0.819456469,-1.22590688,-1.63235729
1,-0.72559282,-0.982894072,-1.24019532,-0.316937891,0.21279998,0.742537852,-0.854243446,0.704699432,-0.258893756,-1.22256262,-2.18615581,-1.69425636,-1.59587647,-1.60344415,-1.61101183,-0.733160504,0.144690825,0.757673219,1.09065131,1.08308363,-0.286667156,0.439830497,0.144690825,0.803079323,0.757673219,0.712267116,0.852269268,0.99227142,-0.210990317,0.458749706,1.12848973,1.08308363,0.810647007,0.636590277,1.09443515,1.55228003,1.33788754,1.12341938,0.909026897,0.492804284,-0.430453149,-0.294234839,-0.619645246,-0.657483665,-1.06613859,-1.47479352
1,-1.15366851,-1.13144076,-1.10921301,-1.04252977,-0.975846518,-0.90916327,-0.842480022,-0.620202528,-0.736268426,-0.85237137,-0.968437268,-0.89434477,-0.583156279,-0.37940191,0.0429253276,0.430058629,0.81719193,1.00798011,1.19876829,1.24322379,1.28397467,1.22840529,1.22470067,1.13208505,1.17098361,1.20988217,1.25248536,1.29508854,1.30620242,1.22470067,1.18765442,1.07651567,0.943149176,0.80978268,0.39301238,-0.0237579205,-0.279377038,-0.534996156,-0.790615273,-1.04623439,-1.13885001,-1.12403151,-1.10365608,-1.08328064,-1.07957601,-1.07587139
1,-1.2098416,-1.30840478,-1.09945084,-1.05608304,-0.922037117,-0.787991193,-0.787991193,-0.846143469,-0.904295744,-0.96244802,-1.0206003,-0.953577334,-0.677600432,-0.342485622,-0.0704512465,0.402652015,0.875755276,1.01965752,1.16355976,1.12413449,1.2424103,1.10836438,1.23058272,1.0965368,1.11427817,1.13201954,1.1583162,1.18457343,1.21087009,1.27000799,1.23846778,1.17538734,1.06499658,0.927008129,0.536697939,0.146387748,-0.058623665,-0.263635078,-0.468646491,-1.12704853,-0.961462388,-1.0206003,-1.06199683,-1.10339337,-1.17041633,-1.23743929
1,-2.45496431,-1.45970186,-1.29005485,-1.19392155,-1.09778824,-1.00165494,-0.905521636,0.236768215,-0.0949482339,-0.426777781,-0.75849423,-0.136455202,-1.30136465,-1.38053326,-1.85554488,-1.17695685,-0.498368818,-0.373961012,0.508203427,-0.000737595685,0.34986622,0.643921033,0.745709238,0.847497442,0.898391545,0.949285647,0.508203427,0.0671212074,0.542132829,1.05672875,1.57132467,1.32250906,1.07369345,0.462964225,0.824877841,1.18679146,1.2810021,1.37532583,1.46953647,0.79094844,0.0445016063,0.225458414,0.0897408084,0.0105722048,-0.554917821,-1.12040785
1,-1.18520604,-1.14161265,-1.09801926,-1.07424105,-1.05046283,-1.02668462,-1.00290641,-1.15350175,-1.1257605,-1.09801926,-1.07027801,-1.03064766,-0.638307154,-0.574898588,-0.131038626,0.314802853,0.760644333,0.895387536,1.15298483,1.13316966,1.31150625,1.283765,1.24809768,1.21243037,1.24017161,1.26791286,1.25867899,1.24940549,1.24017161,1.22035644,1.21243037,1.13515118,1.05787199,0.962759137,0.370285349,-0.22218844,-0.309375218,-0.396561996,-0.483748774,-0.75323518,-0.685863578,-0.796828569,-0.802773122,-0.808717675,-0.891941418,-0.975165161
1,-0.141430571,-0.172537568,0.271848106,0.0229921284,0.369612954,0.71623378,0.591805792,-1.36793503,-1.40646327,-1.44494707,-1.48347531,-1.49680688,-1.31016489,-1.12352291,-0.754682802,-0.19697878,0.360725241,0.796223202,0.991752899,1.00064061,1.24060888,1.1872826,1.24505273,1.16506331,1.18061681,1.19617031,1.31615444,1.11173703,1.16950717,1.10284932,1.10284932,0.916207334,0.782891632,0.48515323,0.0407675553,-0.403618119,-0.553242776,-0.702822994,-0.85244765,-0.81245294,-0.705800378,-0.741351232,-0.710244234,-0.683581094,-1.32794032,-1.97229955
1,-1.16693339,-1.0473368,-0.927740213,-0.947672978,-0.859619988,-0.771616831,-0.683563842,-0.882891491,-0.970944481,-1.05894764,-1.14700063,-1.43602572,-1.0473368,-1.01743765,-1.03238723,-0.588883208,-0.145379188,0.118729948,0.342973554,0.69179694,1.21004883,1.38446052,1.37947733,1.29974627,1.34708659,1.39442691,1.54392264,1.56385541,1.58378817,1.55887222,1.52398988,1.0555699,1.02068756,0.69179694,0.477519717,0.308091215,0.0676522376,-0.17278674,-0.413225717,-0.653664694,-0.534068105,-0.603832782,-0.643698312,-0.683563842,-0.603832782,-0.524101722
1,-1.05689278,-1.06448475,-1.07207672,-1.05404579,-1.03601487,-1.01798394,-0.999953018,-1.13660845,-1.1252205,-1.11383254,-1.10244459,-1.16697632,-0.715254201,-0.79496987,-0.32806381,0.104678391,0.537420592,0.753791693,1.02330657,1.0650624,1.25486161,1.22828972,1.22828972,1.15616602,1.1846359,1.21310578,1.23588169,1.25865759,1.2814335,1.22069775,1.27004555,1.19412586,1.14098208,1.08024634,0.723423819,0.366601302,0.0540779213,-0.25848342,-0.571006801,-0.874685538,-0.783581917,-0.779785933,-0.853807625,-0.927829318,-0.889869475,-0.851909633
1,-0.886881021,-0.981824604,-1.07676819,-1.00252961,-0.928254513,-0.854015935,-0.92704946,-1.02199304,-1.01468969,-1.00738634,-1.00008299,-1.08772321,-0.963566223,-0.726207267,-0.539971778,-0.0360404568,0.467890865,0.719856525,1.03390068,1.13614762,1.23474288,1.25665293,1.27856299,1.26030461,1.24204623,1.22378785,1.24325128,1.26275123,1.28221467,1.23839455,1.27491131,1.20005195,1.12519259,1.0010356,0.723508202,0.445980807,0.0308947687,-0.384154753,-0.799240792,-0.875925993,-0.802892468,-0.824802525,-0.896010212,-0.967217899,-1.01468969,-1.06216148
1,-0.915368812,-1.03679297,-1.15821712,-1.38013023,-1.26498663,-1.14984304,-0.96561329,-0.299873967,-0.506420639,-0.713009181,-0.919555852,-1.04516705,-0.521787075,-0.371053643,-0.153327576,0.409829272,0.97298612,1.10697139,1.25770482,1.31632338,1.41681234,1.33307154,1.33307154,1.32051042,1.32051042,1.32051042,1.03997876,0.759447093,1.45449569,1.31632338,1.14884179,1.01904356,0.751073013,0.566843263,0.0246216143,-0.517600035,-0.551096353,-0.584592671,-0.618088989,-0.819066898,-0.659959387,-0.823253938,-0.915368812,-1.00748369,-1.09959856,-1.19171344
1,-0.372358601,-0.0700184402,-0.0391674033,0.380406698,0.716683,1.0529593,-1.09427286,-1.04953886,-1.00480486,-0.960070854,-0.91533685,-0.890656021,-0.711720007,-0.952358094,-1.07576224,-1.0418261,-1.00788996,-0.88140071,-0.754911459,-0.409379846,0.337215246,0.911044532,0.929555154,0.966576398,1.15168262,1.33678884,1.41700154,1.49721423,1.52189506,1.36763988,1.49104403,1.37381009,1.31210801,0.941895569,0.732108518,0.522321468,0.382442866,0.242625967,0.102747366,-0.717890214,-0.378528809,-1.41512365,-1.43980448,-1.46448531,-1.16831535,-0.872145399
1,-1.04527271,-1.06193766,-0.978612912,-0.902245783,-0.825836991,-0.749469861,-1.01194281,-1.20775596,-1.17305121,-1.13830479,-1.10360003,-1.34107556,-1.28274823,-0.770301048,-0.92028559,-0.359926674,0.200432242,0.567061124,0.933690006,1.07534207,1.32948255,1.3794774,1.44197096,1.34477264,1.24753266,1.15033435,1.29615265,1.44197096,1.41280729,1.41697353,1.33364879,1.2461578,1.04201218,0.796204175,0.329585598,-0.137032979,-0.27451881,-0.41200464,-0.549490471,-0.686976302,-0.486996912,-0.603651556,-0.576571013,-0.549490471,-0.461999488,-0.374508505
1,-0.91400638,-1.03346582,-1.46786379,-1.46243382,-1.31039453,-1.15835524,-1.00631595,-1.01989088,-1.03346582,-1.04704076,-1.06061569,-1.05518572,-0.924866329,-0.734817217,-0.305849223,0.283303024,0.87245527,1.01363461,1.25798347,1.35572301,1.56206205,1.4860424,1.1656739,1.48061243,1.30142326,1.1222341,1.31228321,1.2091137,1.10594418,1.15481395,1.11680413,0.742135879,0.421767376,0.253438163,-0.0750753013,-0.403588766,-0.233467661,-0.0632922563,0.106828848,-0.381868867,-0.132090035,-0.186389781,-0.425308664,-0.664227547,-0.962876151,-1.26152476
1,-0.989072972,-1.26693963,-1.40807824,-1.50070046,-1.36838301,-1.23165497,-1.09492694,-1.07287403,-1.09492694,-1.11697985,-1.13903275,-1.34191952,-0.869987263,-0.892040172,-0.680332245,-0.305432791,0.0694666636,0.4245185,0.779570336,0.810444409,1.15888037,1.10595339,1.15446979,1.11918514,1.16329095,1.20739677,1.18313857,1.15888037,1.30442957,1.29560841,1.36176714,1.24268143,1.12359572,0.964814772,0.905271918,0.845729063,0.495837608,0.145902046,-0.203989409,-0.362770354,-0.318664536,-0.450981991,-0.495087809,-0.468624318,-0.605352354,-0.742080391
1,-0.984650353,-0.897684397,-1.01022858,-1.07161631,-0.930936086,-0.790255863,-0.606092661,-0.694337529,-0.782582396,-0.870827263,-0.959072131,-1.00511293,-0.841412308,-0.726310307,-0.611208306,-0.304269637,0.0026690319,0.166369655,0.11521321,0.642124592,1.1025326,0.903022461,1.20996113,1.23553935,1.35064135,1.46574335,1.50666851,1.54759367,1.55270931,1.52713109,1.49132158,1.30204273,1.11276388,1.11787953,0.76490006,0.41192059,0.135675788,-0.140569014,-0.416813816,-0.693058618,-0.790255863,-0.994881642,-1.00511293,-0.856759241,-1.17904484,-1.50133045
1,-1.05698688,-1.19079189,-1.15065039,-1.57882643,-1.14061501,-0.702403595,-1.05698688,-1.09211069,-1.12723451,-1.16235833,-1.19748214,-1.17741139,-0.735854849,-0.414722819,-0.227395801,7.27201155e-05,0.227541241,0.659062407,1.09058357,1.14410558,1.60573287,1.40502535,1.4250961,1.69939638,1.58900724,1.47861811,1.42730389,1.37605657,1.32474234,1.3581936,0.809593046,0.64233678,0.174019236,0.267682745,0.0803557276,-0.10697129,-0.250811678,-0.394652067,-0.538492455,-0.682332844,-0.521766829,-0.581979084,-0.59201446,-0.602049836,-0.367891064,-0.133732292
1,-1.03304041,-1.13485889,-1.09569793,-1.26017394,-1.10353012,-0.946886311,-0.927305834,-0.98996336,-0.976922762,-0.963843004,-0.950802406,-1.17010374,-0.954718502,-0.758913735,-0.496535348,0.0438858074,0.584306963,0.78794392,1.13256031,1.18738564,1.2226305,1.21871441,1.21479831,1.12081202,1.12081202,1.12081202,1.2265466,1.27745584,1.34402946,1.20305003,1.29312022,1.19521783,1.10514764,0.983748687,0.740950776,0.498152866,0.0921712629,-0.313771179,-0.719752782,-0.817655165,-0.8724805,-0.923389739,-0.897935119,-0.8724805,-0.801990784,-0.731501068
1,-1.92633578,-1.39426668,-0.862197583,-0.982873048,-1.06515177,-0.875910704,-0.686669633,-0.807345098,-0.77624374,-0.745197234,-0.714095875,-0.659243391,-0.456289199,-0.428862956,-0.341098981,-0.206710395,-0.0723218082,0.374725939,0.821773687,1.00827213,1.45806251,1.46354775,1.52388549,1.30447555,1.35384278,1.40321002,1.43886414,1.47451825,1.52937073,1.30447555,1.12346235,1.21671157,0.91502291,0.761435954,0.0894930207,-0.582449913,-0.512951815,-0.44350857,-0.374010472,-0.774433608,-0.725066372,-0.642787645,-0.988358297,-0.856712334,-0.840256589,-0.823800844
1,-1.28445351,-1.19630333,-1.10815315,-1.21834087,-1.08831936,-0.958297844,-0.856925138,-1.15222824,-1.10669867,-1.06112503,-1.01559546,-1.21393336,-0.958297844,-0.63654969,-0.59688211,-0.105444861,0.385992388,0.848780828,1.20138154,1.21460407,1.33360681,1.28953172,1.40412696,1.24986414,1.27851295,1.30716176,1.38208941,1.06474877,1.35564436,1.32699555,1.29834674,1.24104913,0.928115989,0.619590362,0.123745605,-0.372099153,-0.583659583,-0.795220013,-1.00678044,-0.548399511,-0.486694386,-0.460249332,-0.429396769,-0.398544207,-0.204613813,-0.0106834184
1,-1.08744436,-1.3512874,-1.28092926,-1.56675921,-1.28972402,-1.1314182,-0.973112381,-1.20617373,-1.12407457,-1.04201939,-0.95992023,-0.95992023,-0.449823696,-0.335491714,-0.423439392,0.135028365,0.693496122,0.96173654,1.09805544,1.18160574,1.29154033,1.25196388,1.3003351,1.26075865,1.26075865,1.26075865,1.3003351,1.29154033,1.28274557,1.20359266,1.07606852,1.09365806,0.829815023,0.711085657,0.601151059,-0.234351884,-0.244597788,-0.254887667,-0.265133571,-0.75764057,-0.480605383,-0.586142597,-0.689481119,-0.792819641,-0.797217025,-0.801614409
1,-1.15129935,-1.6840782,-1.05819236,-1.61166166,-1.37630789,-1.14095413,-0.913359276,-1.05819236,-1.15647196,-1.25475155,-1.35303115,-1.27544199,-1.0271567,-0.882323615,-0.592657441,0.046159924,0.684977289,0.953953022,1.22292875,1.10395872,1.38327967,1.27465486,1.42466055,1.18154787,1.27982747,1.37810706,1.27465486,1.30569052,1.27982747,1.26948225,0.91774475,0.669459458,0.410828946,0.297031521,0.222028672,0.147025824,-0.00985944492,-0.16679644,-0.323681708,-0.266782996,-0.0805690269,-0.0909142474,-0.220229503,-0.34954476,-0.344372149,-0.339199539
1,-0.907169757,-1.20544988,-1.22645552,-1.11722618,-1.09411997,-1.07101377,-0.965985555,-1.06261151,-1.01501272,-0.967371928,-0.919773142,-0.923974271,-0.474453527,-0.247592591,0.0380841426,0.487604886,0.937125629,1.03585215,1.13457867,1.28581929,1.39924976,1.35303735,1.21860124,1.29842268,1.34043396,1.38244524,1.41815484,1.45386443,1.29002042,1.32362945,1.12197528,0.928723373,0.517012785,0.164117996,-0.121558738,-0.407235472,-0.513650056,-0.620106651,-0.726521234,-0.587883995,-0.697113335,-0.68450995,-0.825247752,-0.965985555,-0.915572014,-0.865158473
1,-1.18300634,-1.17897461,-1.17494288,-1.24751404,-1.13595604,-1.02443835,-0.912880349,-0.997546704,-1.02709929,-1.0566922,-1.08624479,-0.856436113,-0.860467844,-0.614532242,-0.453262995,0.157544278,0.768351551,0.937684261,1.11911216,1.17152467,1.19168332,1.19168332,1.30054007,1.19974679,1.24409583,1.28844487,1.26828622,1.24812756,1.38117469,1.28441314,1.30860353,1.18765159,0.986065035,0.784478476,0.393400552,0.00232262774,-0.246314234,-0.494910778,-0.74354764,-0.570183199,-0.46938992,-0.610500511,-0.74354764,-0.876594769,-0.908848618,-0.941102468
1,-0.821640856,-0.932058292,-1.04247573,-1.07519201,-0.780745509,-0.486299014,-0.825730391,-0.869692888,-0.913655386,-0.957617884,-1.00158038,-1.08746061,-1.03020712,-0.641701331,-0.47403041,-0.142778102,0.188474206,0.615830579,1.04318695,1.12906718,1.25584275,1.23539508,1.34172298,1.17405206,1.21903694,1.26402182,1.34990205,1.27220089,1.27629043,1.28855903,1.28855903,1.24766368,1.13724625,0.981843932,0.705800342,0.429756752,-0.0255311427,-0.480859932,-0.936147827,-1.1692513,-1.21014665,-0.919789688,-1.03225189,-1.14471409,-0.862536203,-0.580358311
1,-1.00215788,-1.0598515,-0.907375502,-0.78786729,-0.763141453,-0.794048749,-0.824956045,-1.16287582,-1.2068466,-1.25077617,-1.29474695,-1.26177916,-1.11342414,-0.973311067,-0.631270324,-0.270685203,0.0898999176,0.419577742,0.773981404,0.893489615,1.14074798,1.14074798,1.18607868,1.13662701,1.1386875,1.14074798,1.17165528,1.20256258,1.26025619,1.28498203,1.28498203,1.23759084,1.19019966,0.98827199,0.95942518,0.93057837,0.644871326,0.359123071,0.0734160264,-0.91973842,-0.895012583,-1.03924663,-0.779625345,-0.911496474,-0.903254529,-0.895012583
1,-1.51643146,-1.29880337,-1.08117528,-1.19401948,-1.11946171,-1.04490394,-0.903848695,-1.14565768,-1.17253878,-1.19937958,-1.22626068,-1.31492397,-1.13356723,-0.821230625,-0.508894019,-0.208647862,0.0915982951,0.409980126,0.728361957,0.978231242,1.19182918,1.17973873,1.23616083,1.21197993,1.18578395,1.15958798,1.23213068,1.30467337,1.19182918,1.24422113,1.29661307,1.21601008,1.11928648,0.990321691,0.851281525,0.712241358,0.368348679,0.0244156986,-0.31947698,-0.795034652,-0.537105067,-0.633828662,-0.682190459,-0.66606986,-0.355748328,-0.0454267967
1,-0.673957715,-0.673957715,-1.10511867,-1.0497402,-1.01809536,-0.8954716,-0.966672491,-1.11302988,-1.10246841,-1.0919465,-1.08138504,-1.1288523,-0.938983256,-0.832181918,-0.547378352,-0.00348265231,0.540413047,0.819283206,1.09815336,1.01508566,1.20891031,1.24846636,1.29197801,1.2009991,1.21484371,1.22868833,1.33548967,1.31373384,1.29197801,1.22473273,1.25637757,1.13573161,1.01508566,0.844994639,0.789616168,0.382188844,0.0248790362,-0.332470327,-0.689780135,-0.67000211,-0.582978798,-0.753069816,-0.808448288,-0.863826759,-1.14071912,-1.41761147
1,-1.11822255,-1.11035346,-1.10248438,-1.18510976,-1.03756443,-0.890019101,-1.00018628,-0.99625174,-0.992317198,-0.988382656,-0.984448113,-0.992317198,-0.697226534,-0.374594076,-0.107045207,0.382805294,0.872655795,1.02807021,1.18348463,1.22676459,1.34086631,1.28971727,1.30545544,1.23463368,1.25430639,1.2739791,1.30152089,1.32906269,1.30152089,1.23069913,1.15987737,0.97101935,0.817572205,0.703470482,0.276572655,-0.150325171,-0.312625036,-0.474924901,-0.637224766,-0.799524631,-0.760179209,-1.00412082,-0.945102692,-0.952971776,-0.941168149,-0.929364523
1,-1.11599963,-1.13453382,-1.153068,-1.14936117,-1.10117229,-1.05298341,-0.926950956,-0.663765542,-0.823159525,-0.982553509,-1.14194749,-1.06039708,-0.815745852,-0.597042479,-0.344977575,0.225875296,0.796728167,0.982070008,1.16741185,1.2230144,1.26378961,1.1822392,1.20448022,1.08586144,1.09698195,1.10810246,1.14146399,1.17482552,1.20818705,1.1822392,1.17482552,1.16370501,0.985776845,0.911640109,0.741125615,0.570611121,0.140618049,-0.289375023,-0.719368094,-1.14936117,-1.13082698,-1.13824066,-1.07151759,-1.06410392,-0.723074931,-0.382045943
1,-1.06990327,-1.11908529,-1.16826731,-1.22192042,-1.10267638,-0.983477054,-0.864233018,-0.756926798,-0.83145991,-0.90594831,-0.980481422,-1.19956495,-1.01625016,-0.676447133,-0.412652677,0.126113967,0.664880611,1.00915473,1.22823826,1.264007,1.53674365,1.34448667,1.48756163,1.47414835,1.46744171,1.46073507,1.43837961,1.41602415,1.39366869,1.27742028,0.991270363,0.593343132,0.450268172,0.244597918,-0.0504941858,-0.34558629,-0.451417049,-0.557203097,-0.663033856,-0.604909654,-0.649620578,-0.734571336,-0.714451419,-0.694331503,-0.595967469,-0.497603434
1,-1.08317106,-1.14323841,-1.22583102,-1.33845731,-1.22770813,-1.11695895,-0.985561615,-0.920501163,-0.85540317,-0.790342719,-1.15825525,-1.15450104,-0.933002681,-0.627034605,-0.321066528,0.264590159,0.850246845,1.01543206,1.18061728,1.22942201,1.21065096,1.21440517,1.23693043,1.1881257,1.20689675,1.2256678,1.26884121,1.31201462,1.25945568,1.1881257,1.19938833,1.08300784,0.861509474,0.790179493,0.538647454,0.287115416,-0.0920597467,-0.471234909,-0.850410072,-0.809113767,-0.685224852,-0.767817462,-0.784711405,-0.801605348,-0.756554833,-0.711504319
1,-1.12242481,-1.12242481,-1.12242481,-1.10676881,-1.09111281,-1.0754568,-1.0598008,-1.21636083,-1.10806043,-0.999799167,-0.891498765,-0.883670764,-0.386592664,-0.00302058756,0.0635174258,0.539068521,1.01461962,1.06550163,1.28468567,1.19074965,1.26902967,1.21814766,1.19074965,1.13203964,1.18096465,1.22988966,1.22859804,1.22726728,1.22597566,1.21423366,1.19857765,1.07137263,0.944167602,0.822833578,0.206378454,-0.410076669,-0.488356685,-0.5666367,-0.644916716,-0.887584765,-0.844530756,-0.895412766,-0.916939771,-0.938466775,-0.891498765,-0.844530756
1,-1.0563627,-1.19170123,-1.05226153,-1.2081059,-1.02150278,-0.834899651,-0.912821836,-1.02355336,-0.9811883,-0.938782227,-0.896417165,-0.970238182,-0.76928097,-0.531413249,-0.350961875,0.0899136418,0.530789159,0.787112133,1.04343511,1.18697597,1.3223145,1.28130283,1.24849349,1.25259466,1.29565692,1.33871918,1.40843902,1.41664136,1.37152852,1.38383202,1.31411217,1.18287481,0.945007086,0.727645203,0.24575801,-0.236129182,-0.379670048,-0.523210914,-0.66675178,-0.695459953,-0.572424925,-0.855405489,-0.880012495,-0.904619501,-0.941530009,-0.978440517
1,-1.01624494,-1.04480285,-1.07336077,-1.30590379,-1.11619764,-0.926491489,-0.808180127,-1.05296226,-1.01216523,-0.971368213,-0.930571191,-0.959129106,-0.950969702,-0.649071743,-0.494043061,-0.0452758249,0.403491411,0.62787503,0.778824009,1.16639571,1.29286648,1.37038082,1.40709814,1.30510559,1.3255041,1.34590261,1.37650037,1.40709814,1.43973576,1.39485903,1.30102588,1.16639571,0.966490308,0.619715625,0.1913469,-0.237021826,-0.325755348,-0.414488869,-0.503222391,-0.591955913,-0.375731699,-0.367572295,-0.518521274,-0.669470254,-1.06520136,-1.46093247
1,-1.14865577,-1.19501521,-0.98176181,-0.950840067,-0.919964683,-0.88904294,-0.88904294,-0.898314827,-0.864333362,-0.830305537,-0.796324071,-0.773144354,-0.425448594,-0.342001612,0.0613254695,0.534191703,1.00705794,1.01169388,1.32693803,1.3547537,1.39184124,1.20176756,1.25276294,1.19713162,1.16699799,1.13686435,1.15540813,1.1739519,1.19249567,1.21567539,1.16931596,1.0348736,0.900431236,0.66399812,0.267624954,-0.128748212,-0.347796541,-0.56684487,-0.785893198,-1.00494153,-0.75460058,-0.879771053,-1.06984474,-1.25991842,-1.32482163,-1.38972483
1,-0.923318509,-0.975855805,-0.934576501,-0.9545782,-0.974617426,-0.994619125,-0.833254572,-1.03214577,-0.985875418,-0.939567544,-0.893297196,-1.09969372,-1.06591974,-0.923318509,-0.649374035,-0.223446669,0.202480698,0.538344128,0.874207558,1.00179813,1.20444199,1.20819466,1.31702191,1.2669989,1.21693836,1.16691535,1.22196693,1.27698099,1.33203257,1.27949527,1.30951658,1.24947396,1.18943134,1.10312006,0.891094546,0.679069029,0.19497537,-0.289118289,-0.773211948,-0.848265228,-0.78446994,-0.806985924,-0.790098936,-0.773211948,-1.00962978,-1.24604761
1,-0.828312289,-0.953655265,-1.07899824,-1.11318269,-0.982142304,-0.851101921,-0.854900193,-1.0979896,-1.06255172,-1.02707586,-0.991637984,-1.15876195,-1.15496368,-1.03341898,-0.900479457,-0.663087458,-0.42569546,-0.0458682626,0.406126102,0.687198228,1.0708237,1.15058741,1.24174594,1.20756149,1.25314075,1.29872002,1.2873252,1.2873252,1.2873252,1.28352693,1.27972866,1.22085544,1.16198223,1.05942888,1.02714357,0.994858258,0.734030922,0.473241568,0.212414232,-0.467476452,-0.372519652,-0.718162402,-0.834009697,-0.949856993,-1.0030328,-1.05620861
1,-1.00430136,-1.05164534,-1.09898932,-1.19762261,-1.07531733,-0.953012042,-0.964848037,-1.09898932,-1.03716597,-0.975382073,-0.913558724,-1.12660664,-0.885941402,-0.783362776,-0.633440169,-0.175781684,0.281876801,0.719808627,0.917075216,1.12223247,1.29582707,1.35895237,1.24848308,1.2129751,1.25045575,1.2879364,1.28268911,1.27740237,1.27215507,1.33528038,1.29188173,1.2129751,1.14984979,0.928911211,0.621175333,0.313439455,0.0596362627,-0.194206383,-0.448009576,-0.885941402,-0.7241828,-0.850433416,-0.739964127,-0.870160075,-0.874105407,-0.878050739
1,-0.765139532,-0.84610047,-0.419706196,-0.446693175,-0.217303851,0.0120854734,-1.26709735,-1.2023286,-1.13755985,-1.0727911,-1.64491506,-1.79064475,-1.75286298,-1.46680099,-1.22391818,-0.967541877,-0.711165573,-0.225399945,0.130828182,0.308942246,1.22110215,1.2858709,1.35063965,1.20490996,1.31015918,1.4154084,1.46398496,1.51256152,1.56113809,1.42080579,1.42620319,1.14014121,0.816297458,0.265763079,0.0714568279,-0.122849423,-0.128246819,-0.133644215,-0.139041611,-0.354937446,0.0498672444,-0.25778432,-0.152535101,-0.0472858812,0.33053183,0.195596933
1,-0.884133251,-1.05002093,-0.939429144,-1.10531682,-0.980901064,-0.856485304,-0.872284131,-1.06976946,-1.00922046,-0.948631961,-0.888082958,-0.753792931,-0.350922851,-0.449665518,-0.311425784,0.0736706156,0.458767016,0.721422509,0.984078002,1.0393739,1.25265806,1.3356019,1.30400424,1.28820542,1.30005454,1.31190366,1.35535043,1.3652247,1.37509896,1.37904867,1.38299838,1.21316099,0.984078002,0.735246482,0.342250669,-0.0507451443,-0.281802984,-0.512860824,-0.743918664,-0.974976504,-0.895982371,-1.20405949,-1.15468816,-1.10531682,-0.971026798,-0.836736771
1,-1.10554066,-1.16259976,-1.21965885,-1.29954159,-1.20444309,-1.1093446,-0.964794891,-0.668087591,-0.763186084,-0.858284578,-0.953383072,-1.05989338,-0.873500337,-0.352360592,-0.310517255,0.180190972,0.670899199,0.842076487,1.03227347,1.07411681,1.2262744,1.15399955,1.20345076,1.14258773,1.16160743,1.18062712,1.20915667,1.23768622,1.26050986,1.21866652,1.23007834,1.13497985,1.03607741,0.906743463,0.665193289,0.423643115,0.154818694,-0.113967689,-0.38279211,-0.786009723,-0.618636374,-0.839264879,-0.892520036,-0.945775192,-1.26911007,-1.59244495
1,-0.88603622,-1.02728615,-1.16853607,-1.41807761,-1.34039015,-1.26270269,-1.08378612,-1.40866095,-1.36313139,-1.31764891,-1.27211935,-1.40395261,-0.933119528,-0.627078022,-0.457578111,0.145088239,0.747754589,0.907837839,1.08204608,1.18562936,1.31746262,1.20446268,1.21387934,1.16208771,1.18327519,1.20446268,1.23271267,1.26096265,1.28921264,1.24683766,1.24683766,1.05850443,0.907837839,0.658296303,0.295754827,-0.0667866497,-0.143673693,-0.220607819,-0.297494862,-0.556453059,-0.255119884,-0.311619854,-0.37047399,-0.429328126,-0.45286978,-0.476411435
1,-1.06586965,-1.11202459,-1.11971707,-1.28125935,-1.14664079,-1.01202222,-0.958174799,-0.976444461,-0.994714123,-1.01298379,-1.03125345,-1.11587083,-0.927404842,-0.362006876,-0.246619536,0.247622904,0.741865343,0.968793779,1.19572221,1.18802972,1.19956846,1.18418348,1.24956964,1.14187479,1.16495226,1.18802972,1.23995403,1.29187833,1.26495462,1.24187715,1.20726095,1.12072044,1.03417994,0.911100109,0.563014967,0.214929824,-0.0648844752,-0.344698775,-0.624513074,-0.904327374,-0.808171257,-0.865864927,-0.86009556,-0.854326193,-0.908173618,-0.962021044
1,-0.908850719,-0.932625034,-0.956399349,-1.03564707,-0.957706936,-0.879806431,-0.801866301,-1.00394798,-1.00660278,-1.00921795,-1.01187275,-1.17829296,-1.07130854,-0.988098436,-0.849414931,-0.663182796,-0.476950662,-0.0609001477,0.359112752,0.664216462,1.22687525,1.27442388,1.34970921,1.2704615,1.31008536,1.34970921,1.36290396,1.37613833,1.38933307,1.31008536,1.34970921,1.24668718,1.23876241,1.05649266,0.842523825,0.62855499,0.444977653,0.261360693,0.0777833569,-0.730543356,-0.682994726,-0.734505742,-0.72658097,-0.88903879,-0.908850719,-0.924700262
1,-0.954463073,-0.946581675,-0.911115381,-0.853305322,-0.79553467,-0.737724611,-0.737724611,-0.978107269,-1.02669609,-1.07532432,-1.12391314,-1.19090503,-1.01357356,-0.777131604,-0.718021115,-0.17223426,0.373552595,0.643490497,0.9134284,1.06711567,1.39025302,1.35872742,1.30355763,1.31143903,1.32523148,1.33902393,1.34296463,1.34690532,1.35084602,1.32523148,1.29961693,1.32720183,1.07893777,0.897665603,0.383404343,-0.130856917,-0.249077897,-0.367298876,-0.485519855,-0.863826989,-0.836242094,-0.808657199,-0.820479297,-0.982047969,-0.934759577,-0.887471185
1,-1.00477937,-1.09749723,-1.19904535,-1.05334587,-1.02464748,-0.995949099,-1.07983668,-1.15489399,-1.21374776,-1.27264567,-1.33149943,-1.41538702,-1.16372427,-0.797267979,-0.254206253,0.271194929,0.796596111,0.964371278,1.13214645,1.18512808,1.26460053,1.19395835,1.24252485,1.20278862,1.19616592,1.18954321,1.19837349,1.29550648,1.26018539,1.28226107,1.1630524,1.0592967,0.955541006,0.765690159,0.405856576,0.0460229936,-0.171422454,-0.388867901,-0.606313348,-0.823758795,-0.735456076,-0.757531756,-0.633907948,-0.51028414,-0.298357613,-0.086431086
1,-1.16042861,-1.19613411,-1.2675451,-1.33498881,-1.20803594,-1.08108307,-1.02157391,-0.89858831,-0.775602713,-0.652617117,-1.01760663,-1.04537757,-0.819242764,-0.648649839,-0.335234932,0.119018319,0.573271571,0.801390016,1.02950846,1.0929849,1.29134876,1.29134876,1.33498881,1.21597049,1.23977416,1.26357782,1.29003956,1.31646163,1.34292337,1.29928332,1.25961054,1.12075584,0.997770242,0.866850091,0.482024193,0.097198294,-0.136871067,-0.370940428,-0.605009789,-0.83907915,-0.747831772,-0.724028108,-0.755766327,-0.787504545,-0.894621032,-1.00173752
1,-0.946054969,-1.29500079,-1.29998573,-1.31494055,-1.24515139,-1.17536222,-0.846356164,-0.917391563,-0.988426961,-1.05946236,-1.13049776,-1.17536222,-0.671883254,-0.307982614,-0.0687054812,0.350029502,0.768764485,1.15260489,1.31710791,1.29716815,1.3270778,0.943237394,0.978131976,1.07783078,1.13266512,1.18749947,1.22737899,1.26725851,1.30215309,1.13765006,1.31710791,0.998071737,0.783719305,0.634171097,0.517025001,0.399878904,0.13901698,-0.121894794,-0.382756718,-0.696807956,-0.661913374,-0.926115208,-0.975964611,-1.02581401,-1.01584413,-1.00587425
1,-0.827615186,-1.13559027,-1.44356536,-1.51847822,-1.38946163,-1.26044504,-0.86090979,-1.18553218,-1.18690558,-1.1883206,-1.189694,-1.17720853,-0.902528045,-0.594552959,-0.324034303,0.0817436809,0.487521665,0.678965637,0.870409609,0.986940722,1.20751747,1.24081208,1.25745938,1.15341374,1.17006104,1.18670835,1.21862955,1.25050913,1.28243033,1.21584112,1.2116793,1.13260461,0.941160642,0.758040321,0.616538255,0.475036189,0.35434325,0.233650311,0.112957372,-0.42807994,-0.394785336,-0.719407724,-0.752702327,-0.798482408,-0.881718917,-0.964955427
1,-1.34071584,-1.37692587,-1.4131359,-1.26648527,-1.11983463,-0.973184,-0.826533366,-0.964131492,-1.15727581,-1.35034771,-1.54349202,-1.61591209,-1.25381176,-0.949647479,-0.297866882,0.314082679,0.92603224,1.38952066,1.24468053,1.54884481,1.33158461,1.28813257,0.90430622,1.18674448,1.03466234,0.8825802,0.870486049,0.858464318,0.846370167,1.11432441,1.08535639,1.02742033,0.96948428,0.534963882,0.484269835,0.433575789,0.201831576,-0.0299126361,-0.261656848,0.0787174634,-0.305108888,-0.377528955,-0.478917048,-0.58030514,-0.551337114,-0.522369087
1,-1.03170616,-1.0688673,-0.987112803,-1.22866017,-1.08744786,-0.946235556,-0.953667783,-1.14690568,-1.08250543,-1.01806803,-0.953667783,-1.13947345,-0.927654989,-0.760429889,-0.556043655,0.00323140291,0.562506461,0.681422088,1.00844006,1.14593626,1.23883909,1.19052962,1.20167796,1.1013429,1.13292986,1.16451682,1.19796184,1.27971634,1.23883909,1.25370354,1.2425552,1.19052962,1.12363958,1.02702063,0.813344111,0.599667594,0.273875938,-0.051878558,-0.377670215,-0.935087216,-0.849616609,-0.987112803,-0.944377499,-0.901642196,-0.879345516,-0.857048836
1,-1.07449131,-1.09096753,-1.10744375,-1.25161068,-1.1033247,-0.95503872,-0.621395265,-0.992110215,-0.994869982,-0.997588558,-1.00034832,-1.01682454,-0.539014165,-0.283632755,0.0870821954,0.525761553,0.964440911,1.13332217,1.2404176,1.29808437,1.35163208,1.32691775,1.34751303,1.2857272,1.308382,1.33103681,1.29396531,1.25689382,1.35987019,1.26101287,1.14567933,0.906774141,0.4619162,0.23948723,-0.0591442571,-0.357775745,-0.450454482,-0.54313322,-0.635811957,-0.728490695,-0.61727621,-0.6914192,-0.777919355,-0.86441951,-1.07861037,-1.29280123
1,-1.15008268,-1.26863691,-1.24819652,-1.44033614,-1.26454883,-1.08876153,-1.00699999,-1.06729912,-1.12759826,-1.18789739,-1.24819652,-1.26046076,-0.786243834,-0.495990374,-0.123975376,0.352285584,0.828546543,1.01455404,1.20056154,1.3150277,1.40905346,1.33955616,1.33546808,1.27005885,1.25983866,1.24961846,1.35590846,1.3150277,1.27414693,1.17807712,1.08200731,0.808106159,0.669111544,0.415650776,0.0967807772,-0.222089221,-0.296696625,-0.371304029,-0.445911432,-0.520518836,-0.410140759,-0.483726143,-0.520518836,-0.557311528,-0.577751912,-0.598192297
1,-1.13772837,-1.1178138,-1.09789922,-1.19348918,-1.07599319,-0.95849719,-0.842992651,-1.00230926,-0.973114489,-0.943879892,-0.914685124,-0.910702209,-0.823078075,-0.560205675,-0.380974493,0.21646278,0.813900053,0.929404593,1.16439659,1.19625991,1.28388404,1.33167902,1.37150817,1.28786696,1.29384133,1.2998157,1.31176445,1.32371319,1.33566194,1.33566194,1.25600364,1.00507998,0.754156326,0.650600532,0.212479865,-0.225640802,-0.331188054,-0.436735305,-0.542282557,-0.647829808,-0.57215442,-0.659778554,-0.767317263,-0.874855972,-1.08595048,-1.29704498
1,-1.0805478,-1.12215477,-1.16376174,-1.19402135,-1.09946006,-1.00868121,-0.891425209,-0.543439646,-0.684638571,-0.82587532,-0.967074244,-0.902772564,-0.535874743,-0.237061053,0.156313931,0.538341559,0.920369188,1.08301461,1.24566004,1.29861436,1.29483191,1.21540043,1.24944249,1.18892326,1.20405307,1.21918288,1.2721372,1.32509153,1.29104946,1.23809514,1.13596894,1.02249539,0.791765828,0.526994204,0.116598187,-0.29379783,-0.381739833,-0.469681837,-0.55762384,-0.645565844,-1.23184587,-1.07676535,-1.03137592,-1.22428096,-1.12971967,-1.03515838
1,-1.20116331,-1.17839557,-1.15562783,-1.25808266,-1.10819503,-0.958307406,-0.707862258,-0.9734859,-0.976028297,-0.978532749,-0.981075147,-1.03040525,-0.810317091,-0.210766585,-0.0475977768,0.449497896,0.946593568,1.02248604,1.20842259,1.2273957,1.33364516,1.21221721,1.25775269,1.22360108,1.21980646,1.21601183,1.25141567,1.28685745,1.32226129,1.28052043,1.20083334,1.11735162,0.901058087,0.620255951,0.11367372,-0.392908511,-0.514336462,-0.635764412,-0.757192363,-0.586434307,-0.487774097,-0.594023554,-0.810317091,-1.02661063,-1.01902138,-1.01143213
1,-1.17471447,-1.06650794,-0.958301411,-1.15504056,-0.845176402,-0.535312247,-0.992730761,-1.20422534,-1.2140623,-1.22389926,-1.23373622,-1.5140895,-1.01732315,-0.614007905,-0.879605752,-0.294306793,0.290992166,0.674633501,0.974660698,1.05827484,1.25993246,1.22058463,1.40748682,1.16648137,1.21566615,1.26485094,1.29436181,1.32387268,1.35338355,1.3878129,1.44191617,1.17139984,0.930394391,0.684470458,0.536916099,0.389361739,0.0532820931,-0.282846738,-0.618926384,-0.599252469,-0.397594845,-0.427105717,-0.611548666,-0.795991615,-0.746806829,-0.697622042
1,-1.1542161,-1.1709531,-1.18769009,-1.30484908,-1.19605859,-1.08726811,-1.05797836,-1.17513735,-1.13467565,-1.0942558,-1.05379411,-1.24626959,-0.911529634,-0.363392963,-0.355024465,0.134532714,0.624089893,0.816565365,1.05925183,1.16385806,1.2433588,1.13038407,1.21406906,1.08854158,1.14712107,1.20570056,1.23917455,1.27264855,1.30612254,1.2768328,1.25591155,1.23080605,1.09272582,0.912803101,0.559234027,0.205664954,-0.115141447,-0.435906005,-0.756712406,-0.380129961,-0.212759985,-0.38849846,-0.637461299,-0.886424137,-0.919898133,-0.953372128
1,-0.550513456,-1.04038018,-0.899232143,-0.797522526,-0.695812909,-0.756008397,-0.816203885,-1.01547171,-1.0777429,-1.14001409,-1.20228529,-1.24379942,-0.986411815,-0.650147367,-0.185189117,0.159378158,0.503945432,0.730197438,0.956449444,1.08514325,1.28856248,1.23874552,1.25950259,1.16402009,1.17647433,1.18892857,1.22076991,1.25256973,1.28441107,1.30516813,1.29686531,1.15571727,1.01456922,0.819452816,0.713591786,0.607730756,0.142772506,-0.322185744,-0.787143994,-1.06113725,-1.1109542,-1.2064367,-1.16077116,-1.11510562,-0.953200512,-0.791295407
1,-1.62102196,-1.41436412,-1.20770628,-1.15300274,-0.718413464,-0.28382419,-0.180495272,-0.02854098,-0.148098617,-0.267595472,-0.387153108,0.275367603,-0.605967288,-0.520872885,-0.660670833,-0.0710881817,0.51849447,0.712995963,0.907497457,0.785934023,0.761621337,0.77377768,0.84671574,1.12631164,1.13238981,1.13846798,1.21547841,1.29242807,1.3694385,1.66119074,1.61256537,1.65511257,1.13238981,0.943966487,0.229781316,-0.484403855,-0.72145255,-0.958501245,-1.19554994,-1.54200572,-1.13476822,-1.31711337,-1.21378445,-1.28672251,-0.751843408,-0.216964302
1,-1.0246006,-1.48431623,-1.36938732,-1.45917553,-1.54896374,-1.3155144,-1.08206505,-0.62953247,-0.715729152,-0.801925834,-0.888122516,-0.873756402,-0.464322163,-0.306294913,-0.0836201507,0.451517583,0.986655317,1.28116065,1.57566598,1.39608956,1.4894693,1.4391879,1.51101847,1.53256764,1.44996248,1.36735733,1.25242842,1.13749951,1.0225706,0.361729373,0.0887732132,0.034900287,-0.0189726392,-0.528969674,-0.112352378,0.304264918,0.213255588,0.122318089,0.0313087586,-0.306294913,-0.507420504,-1.20417702,-1.12516339,-1.04614977,-0.399674651,0.246800464
1,-1.10748362,-1.14969269,-1.19190177,-1.2045645,-1.04417,-1.04628045,-1.04839091,-0.900659136,-0.9879053,-1.07510925,-1.16235542,-1.08637908,-1.22144813,-1.13702997,-0.921763675,-0.387818842,0.146125992,0.496461337,0.846796683,0.88900576,1.39551469,1.48415376,1.42084014,1.43350286,1.45671786,1.47993285,1.54957783,1.61922281,1.564351,1.58545554,0.880563945,0.458473167,0.352950473,0.200997793,0.154567808,0.108137822,-0.0174341843,-0.143006191,-0.268578197,-0.394150203,-0.567207422,-0.364603849,-0.520777436,-0.676951024,-0.19154663,0.293857764